# GIMP colorrc
# 
# This file holds a list of recently used colors.

(color-history
    (color-rgba 0.95686280727386475 0.26274511218070984 0.12941177189350128 1)
    (color-rgba 0.31372550129890442 0.56862747669219971 0.80392163991928101 1)
    (color-rgba 1 1 1 1)
    (color-rgba 0.47843140363693237 0.7568628191947937 0.26274511218070984 1)
    (color-rgba 0.97647064924240112 0.64705884456634521 0.25490197539329529 1)
    (color-rgba 0.87450987100601196 0.40000003576278687 0.14117647707462311 1)
    (color-rgba 0.74901962280273438 0.7450980544090271 0.63529413938522339 1)
    (color-rgba 0.048804 0.041292000000000002 0.87892400000000004 1)
    (color-rgba 0 0.47450999999999999 1 1)
    (color-rgba 0 0 0 1)
    (color-rgba 0 0 0 0)
    (color-rgba 0.090195999999999998 0.57254899999999997 0.81568600000000002 1)
    (color-rgba 1 0.080717999999999998 0 1)
    (color-rgba 0 0.47450999999999999 1 0)
    (color-rgba 0.73094199999999998 0.072528999999999996 0.014716999999999999 1)
    (color-rgba 0.91372600000000004 0.91372600000000004 0.91372600000000004 1)
    (color-rgba 0.34117599999999998 0.145098 0.19215699999999999 1)
    (color-rgba 0.89803900000000003 0.89803900000000003 0.89803900000000003 0)
    (color-rgba 0.89686100000000002 0.89686100000000002 0.89686100000000002 1)
    (color-rgba 1 1 1 0)
    (color-rgba 0.021368000000000002 0.63677099999999998 0.032406999999999998 1)
    (color-rgba 0.596078 0.596078 0.596078 1)
    (color-rgba 0.20757200000000001 0.49550499999999997 0.93722000000000005 1)
    (color-rgba 0.042616000000000001 0.33901700000000001 0.79372200000000004 1)
    (color-rgba 0.93722000000000005 0.933948 0.20757200000000001 1)
    (color-rgba 0.83921599999999996 0.090195999999999998 0.513409 1)
    (color-rgba 0.838565 0.53311600000000003 0.090047000000000002 1)
    (color-rgba 0.93722000000000005 0.89468400000000003 0.20757200000000001 1)
    (color-rgba 0.93722000000000005 0.20757200000000001 0.20757200000000001 1)
    (color-rgba 0.70196099999999995 0.69803899999999997 0.69019600000000003 1)
    (color-rgba 0.756934 0.41187800000000002 0.37897500000000001 1)
    (color-rgba 0.69019600000000003 0.819608 0 0)
    (color-rgba 0.41176499999999999 0.13725499999999999 0.13725499999999999 0)
    (color-rgba 0.43137300000000001 0.61868500000000004 1 1)
    (color-rgba 0.41550199999999998 0.58479000000000003 0.92941200000000002 1)
    (color-rgba 0.99215699999999996 0.99215699999999996 0.99215699999999996 1)
    (color-rgba 0.972549 0.972549 0.972549 1)
    (color-rgba 0.47857100000000002 0.47857100000000002 0.47857100000000002 1)
    (color-rgba 0.63529400000000003 0.54117599999999999 0.39607799999999999 1)
    (color-rgba 0.96470599999999995 0.060531000000000001 0.060531000000000001 1)
    (color-rgba 0 0.109804 1 1)
    (color-rgba 0.095917000000000002 0.32461299999999998 0.90588199999999997 1)
    (color-rgba 0 1 0.98431400000000002 1))

# end of colorrc
